<?xml version="1.0"?>
<opencv_storage>
<calibration_Time>"Sunday 31 January 2016 11:17:49 PM IST"</calibration_Time>
<nrOfFrames>8</nrOfFrames>
<image_Width>1000</image_Width>
<image_Height>666</image_Height>
<board_Width>8</board_Width>
<board_Height>6</board_Height>
<square_Size>29.</square_Size>
<FixAspectRatio>1.</FixAspectRatio>
<!-- flags:  +fix_aspectRatio +fix_principal_point +zero_tangent_dist -->
<flagValue>14</flagValue>
<Camera_Matrix type_id="opencv-matrix">
  <rows>3</rows>
  <cols>3</cols>
  <dt>d</dt>
  <data>
    2.4465393184376462e+03 0. 4.9950000000000000e+02 0.
    2.4465393184376462e+03 3.3250000000000000e+02 0. 0. 1.</data></Camera_Matrix>
<Distortion_Coefficients type_id="opencv-matrix">
  <rows>5</rows>
  <cols>1</cols>
  <dt>d</dt>
  <data>
    3.5641444594248478e-01 -7.6895267684771689e+00 0. 0.
    1.6732388239861839e+02</data></Distortion_Coefficients>
<Avg_Reprojection_Error>4.7647219213307296e-01</Avg_Reprojection_Error>
<Per_View_Reprojection_Errors type_id="opencv-matrix">
  <rows>8</rows>
  <cols>1</cols>
  <dt>f</dt>
  <data>
    4.45612878e-01 4.16758776e-01 5.33244491e-01 5.22755444e-01
    4.24562335e-01 3.42109889e-01 6.22883558e-01 4.48383838e-01</data></Per_View_Reprojection_Errors>
<!-- a set of 6-tuples (rotation vector + translation vector) for each view -->
<Extrinsic_Parameters type_id="opencv-matrix">
  <rows>8</rows>
  <cols>6</cols>
  <dt>d</dt>
  <data>
    9.3808765851180996e-03 -6.8468917332844288e-03
    -2.6970613419007622e-03 -1.0943448806593611e+02
    -8.1190670640154337e+01 8.8545741155587336e+02
    6.4355661561773620e-03 -3.7660698712235380e-01
    -4.0270561312782491e-02 -9.3922349781201333e+01
    -7.1735036881086558e+01 8.3021900029351787e+02
    3.3216612039111020e-02 -5.7688696040171750e-01
    -8.5224867701916979e-02 -8.3901461099022953e+01
    -7.0277767823219108e+01 8.1065325471907909e+02
    3.7595811916454329e-02 3.5720542169746916e-01 6.9228700045540062e-02
    -9.7429435421893615e+01 -8.4566815980373278e+01
    9.3590419117495492e+02 -1.7278281035267823e-01
    -3.4546984759595994e-01 -4.5237124310663242e-03
    -6.3082983454321393e+01 -8.1185736697620356e+01
    9.1218826947766888e+02 2.5672086215537043e-01
    -2.7815940186097410e-01 1.5300320997945444e-02
    -1.1899766574759347e+02 -5.9918188085130112e+01
    1.0060768421046720e+03 3.6675936582024876e-01
    -5.1850694557223520e-01 -7.5613742117047703e-02
    -2.5359171367545535e+01 -5.8754406273103179e+01
    8.3879732794565439e+02 -3.4938391756350634e-01
    4.5265458822115363e-02 7.7797263011653350e-02
    -7.8513064927938117e+01 -9.0289995425478921e+01
    1.0048420658470249e+03</data></Extrinsic_Parameters>
<Image_points type_id="opencv-matrix">
  <rows>8</rows>
  <cols>48</cols>
  <dt>"2f"</dt>
  <data>
    1.95400543e+02 1.06065681e+02 2.76185120e+02 1.06483208e+02
    3.56524200e+02 1.06483337e+02 4.37428619e+02 1.06478966e+02
    5.17415588e+02 1.06529221e+02 5.97499695e+02 1.06487343e+02
    6.77620789e+02 1.06229141e+02 7.58388672e+02 1.05513496e+02
    1.95925507e+02 1.87185913e+02 2.76675934e+02 1.87398056e+02
    3.57501678e+02 1.87467255e+02 4.37497467e+02 1.87471039e+02
    5.17510681e+02 1.87420120e+02 5.97581787e+02 1.87122177e+02
    6.77727783e+02 1.86637466e+02 7.58451782e+02 1.86490494e+02
    1.96498932e+02 2.68013977e+02 2.77472137e+02 2.67905334e+02
    3.57638397e+02 2.67761658e+02 4.38058899e+02 2.67665741e+02
    5.17726807e+02 2.67549316e+02 5.97920959e+02 2.67521820e+02
    6.78215027e+02 2.67494995e+02 7.58471375e+02 2.67414093e+02
    1.97343216e+02 3.48477600e+02 2.77554688e+02 3.48140656e+02
    3.58334686e+02 3.47692230e+02 4.38447845e+02 3.47602997e+02
    5.18398865e+02 3.47550262e+02 5.98400024e+02 3.47498291e+02
    6.78492065e+02 3.47494904e+02 7.58547180e+02 3.47471069e+02
    1.97499893e+02 4.28771820e+02 2.78213043e+02 4.28509613e+02
    3.58504730e+02 4.28514404e+02 4.38536346e+02 4.28372559e+02
    5.18475159e+02 4.28149414e+02 5.98541565e+02 4.27744781e+02
    6.78552673e+02 4.27583130e+02 7.59053101e+02 4.27599823e+02
    1.97586502e+02 5.09556152e+02 2.78433075e+02 5.09302185e+02
    3.58533569e+02 5.08661438e+02 4.38867249e+02 5.08460236e+02
    5.18701172e+02 5.08192352e+02 5.99077576e+02 5.07978058e+02
    6.79463196e+02 5.07738342e+02 7.59507751e+02 5.07736877e+02
    2.21090836e+02 1.20070930e+02 3.03457275e+02 1.19508713e+02
    3.83467743e+02 1.18903343e+02 4.62472382e+02 1.18462639e+02
    5.39075806e+02 1.17507500e+02 6.13459412e+02 1.16620224e+02
    6.85603882e+02 1.15958939e+02 7.57209900e+02 1.14896980e+02
    2.25018723e+02 2.06090988e+02 3.06912781e+02 2.04470978e+02
    3.87086823e+02 2.02503189e+02 4.65367828e+02 2.01105225e+02
    5.41488525e+02 1.99465546e+02 6.15677246e+02 1.97529022e+02
    6.88415710e+02 1.95828690e+02 7.59606323e+02 1.94058441e+02
    2.28480637e+02 2.91844696e+02 3.10447815e+02 2.89197296e+02
    3.90504303e+02 2.86415344e+02 4.68508026e+02 2.83504120e+02
    5.44387878e+02 2.80741272e+02 6.18467102e+02 2.78433380e+02
    6.91217163e+02 2.75610596e+02 7.62375183e+02 2.73147919e+02
    2.32266159e+02 3.77200409e+02 3.14172638e+02 3.73065643e+02
    3.93722046e+02 3.69403290e+02 4.71524475e+02 3.65481842e+02
    5.47105713e+02 3.61693451e+02 6.21445435e+02 3.58380402e+02
    6.93985779e+02 3.54767883e+02 7.65360840e+02 3.51451874e+02
    2.35477219e+02 4.62733734e+02 3.18042358e+02 4.57538910e+02
    3.97500580e+02 4.52597382e+02 4.74696747e+02 4.47593231e+02
    5.50538086e+02 4.43171204e+02 6.24503662e+02 4.38635223e+02
    6.96600159e+02 4.34360962e+02 7.68037170e+02 4.30235382e+02
    2.38703384e+02 5.48410583e+02 3.21501007e+02 5.41995483e+02
    4.01425385e+02 5.35976196e+02 4.78156769e+02 5.29967468e+02
    5.53487244e+02 5.24414429e+02 6.27663147e+02 5.18980835e+02
    7.00145874e+02 5.13648193e+02 7.70663269e+02 5.08637848e+02
    2.44589981e+02 1.19526489e+02 3.21658966e+02 1.15948280e+02
    3.95533417e+02 1.12577187e+02 4.67433807e+02 1.09309349e+02
    5.36854919e+02 1.05675964e+02 6.02801453e+02 1.02575722e+02
    6.66414551e+02 9.94045105e+01 7.28358582e+02 9.60640945e+01
    2.52018845e+02 2.07452682e+02 3.28207733e+02 2.01983917e+02
    4.01949829e+02 1.97119904e+02 4.72681885e+02 1.92268158e+02
    5.41835449e+02 1.87423462e+02 6.07694763e+02 1.82753860e+02
    6.71184998e+02 1.78341721e+02 7.33117676e+02 1.73694824e+02
    2.58913422e+02 2.95001892e+02 3.35035889e+02 2.87911469e+02
    4.08224731e+02 2.81190643e+02 4.78887634e+02 2.74920807e+02
    5.46714233e+02 2.68624725e+02 6.12594604e+02 2.62659698e+02
    6.76226196e+02 2.56774994e+02 7.37758484e+02 2.51112610e+02
    2.65796234e+02 3.81494812e+02 3.41512238e+02 3.72805023e+02
    4.14603973e+02 3.64563812e+02 4.84481384e+02 3.56582031e+02
    5.52186829e+02 3.49067474e+02 6.17711853e+02 3.41658600e+02
    6.81310425e+02 3.34490570e+02 7.42913086e+02 3.27559082e+02
    2.72610962e+02 4.68390198e+02 3.49048004e+02 4.57868256e+02
    4.21296967e+02 4.48150848e+02 4.90800262e+02 4.38621979e+02
    5.58391418e+02 4.29531586e+02 6.23379944e+02 4.20772552e+02
    6.86083313e+02 4.12331482e+02 7.47661560e+02 4.04280640e+02
    2.79009369e+02 5.54795593e+02 3.55515747e+02 5.42917908e+02
    4.28436615e+02 5.31451904e+02 4.96731934e+02 5.20185364e+02
    5.63616577e+02 5.09644043e+02 6.29184143e+02 4.99582153e+02
    6.91732910e+02 4.89690948e+02 7.52300842e+02 4.80381927e+02
    2.43977524e+02 1.10078850e+02 3.13460388e+02 1.13663437e+02
    3.83872681e+02 1.17457611e+02 4.55712555e+02 1.20942131e+02
    5.28719910e+02 1.24531960e+02 6.04516846e+02 1.28284760e+02
    6.81610901e+02 1.31539261e+02 7.60548340e+02 1.35348007e+02
    2.39727142e+02 1.86429825e+02 3.09286469e+02 1.90757401e+02
    3.79647125e+02 1.95213989e+02 4.51660004e+02 1.99506180e+02
    5.24559021e+02 2.03978928e+02 5.99525818e+02 2.08497070e+02
    6.76531860e+02 2.13063156e+02 7.55282654e+02 2.17504929e+02
    2.35484985e+02 2.62533875e+02 3.04575500e+02 2.67536682e+02
