strs = '''Rotation matrix 
R [0.9944153858813619, -0.04644720256834592, -0.09476654312571038;
  0.06183190592599129, 0.984102379779916, 0.1664912055367049;
  0.08552692986411618, -0.1714210123791159, 0.9814784667953432]
Rotation matrix 
R [0.9877072850168229, -0.02189517931141388, 0.1547737711875546;
  0.04214306369463074, 0.9907773096138155, -0.1287799865539668;
  -0.150526679718669, 0.1337195717811369, 0.9795206964712602]
Rotation matrix 
R [0.9785785947648702, 0.01139635247293982, 0.2055579164574416;
  0.02368345942061683, 0.9856061664806332, -0.1673904965797713;
  -0.2045067911290087, 0.1686730794930328, 0.9642231923348727]
Rotation matrix 
R [0.9889353151907873, 0.03763356515977519, 0.1434944498643178;
  -0.01654880806631006, 0.9892358932535118, -0.1453907990572682;
  -0.1474214343984032, 0.1414074335821547, 0.9789131005393819]
Rotation matrix 
R [-0.9932638515409313, -0.03054604568229187, -0.1117759379976311;
  0.01435745801753814, -0.9896381475906408, 0.1428642720649206;
  -0.1149816708060444, 0.1402970987816226, 0.9834103616761981]
Rotation matrix 
R [0.9889313685214007, 0.04631375490558493, -0.1409602229741957;
  -0.02677026419461661, 0.9901388915865775, 0.1375075573292396;
  0.1459386902412791, -0.1322119944416886, 0.9804192405376442]
Rotation matrix 
R [0.9860060464987002, 0.0514562035824, -0.1585696546659849;
  -0.02715618304314679, 0.9880439617364435, 0.151761890468854;
  0.1644828805393747, -0.1453319950631654, 0.9756146745618527]
Rotation matrix 
R [0.9884177304001679, 0.04903547399095185, -0.1436172431188668;
  -0.02453856250354929, 0.9855470760410654, 0.1676150943595648;
  0.1497606396248374, -0.1621495704508313, 0.9753354641464497]
Rotation matrix 
R [0.9858948001064214, 0.04865544162448861, 0.1601377254848005;
  -0.0254425131766876, 0.98926018164094, -0.1439339138041776;
  -0.165421043541544, 0.1378293909877728, 0.9765443857467853]
Rotation matrix 
R [0.9864359650763496, 0.04919714638842972, 0.1566005350920815;
  -0.02520419825167085, 0.9881114263639688, -0.1516593468252245;
  -0.1621999851861316, 0.1456552432156106, 0.9759486230993003]
Rotation matrix 
R [0.9905671015421, 0.04655920125705018, -0.128876134799226;
  -0.02617475386368812, 0.9874790952590239, 0.1555632305096387;
  0.1345053887495148, -0.1507225172451851, 0.9793829808571398]
Rotation matrix 
R [0.9861447970862782, 0.0515363816618411, 0.157678281779287;
  -0.02753010035394438, 0.9881802201124655, -0.1508043306837737;
  -0.1635864687379887, 0.1443740071608607, 0.9759075844065107]
Rotation matrix 
R [-0.9850143337507793, -0.05407819465414048, 0.1637751848371947;
  0.0290230116137913, -0.9880035153001969, -0.1516796576714206;
  0.1700130203907164, -0.14465338785318, 0.9747671364383512]
Rotation matrix 
R [0.9870972564948877, 0.05471295201660221, 0.150484215457619;
  -0.03136552065742539, 0.9876730612924687, -0.1533562131478606;
  -0.1570197768886287, 0.146657481496146, 0.9766454693424083]
Rotation matrix 
R [-0.9888288940751532, -0.05372955742912307, 0.1390343587052494;
  0.03184827615672366, -0.9873905459629507, -0.1550664278586154;
  0.1456128618905434, -0.1489061597163014, 0.9780714953675875]'''

st = ""
i = 1
for s in strs:
   if s=='[':
      print "\\subsubsection{Rotation Matrix " + str(i) + "}";
      i += 1;
      print '\\begin{tabular}{|c|c|c|}\n\hline'
   elif s ==']':
      print st
      st = ""
      print '\\\\ \n\hline\n\end{tabular}'
   elif s == ',':
      st = st + " & " 
   elif s == ';':
      st =  st + " \\\\ "
   elif s.isdigit():
      st = st + s
   elif s.isspace():
     st = st + s 
   elif s=='.':
     st = st+s
 
      
